H0 =

   1.156150015001500                   0                   0                   0
                   0                   0                   0                   0
                   0                   0                   0                   0
                   0                   0                   0  -0.349672967296730

H2

H2 =

   1.0e-18 *

  -0.112307529344139                   0                   0                   0
                   0  -0.097831967443325                   0                   0
                   0                   0  -0.056184320430924  -0.029449333622932
                   0                   0  -0.029449333622932  -0.077008143937125